  Number    Summ

1 000000010 1
2 100000001 0
3 010000000 1
4 001000000 1
5 100100000 0
6 110010000 0
7 011001000 1
8 101100100 1
9 110110010 1
10 111011001 1
11 111101100 2
12 011110110 3
13 101111011 2
14 110111101 2
15 111011110 3
16 111101111 3
17 011110111 4
18 101111011 3
19 010111101 3
20 101011110 3
21 010101111 3
22 101010111 3
23 010101011 3
24 001010101 3
25 100101010 2
26 010010101 2
27 101001010 2
28 010100101 2
29 101010010 2
30 110101001 1
31 111010100 2
32 111101010 2
33 111110101 2
34 011111010 3
35 101111101 2
36 010111110 3
37 001011111 3
38 000101111 3
39 000010111 3
40 100001011 2
41 110000101 2
42 011000010 3
43 001100001 2
44 100110000 1
45 010011000 1
46 101001100 1
47 010100110 2
48 001010011 2
49 100101001 1
50 010010100 2
51 001001010 2
52 100100101 1
53 010010010 2
54 101001001 1
55 010100100 2
56 001010010 2
57 000101001 1
58 100010100 1
59 110001010 1
60 011000101 2
61 101100010 2
62 110110001 1
63 011011000 2
64 001101100 2
65 000110110 2
66 100011011 1
67 010001101 2
68 001000110 3
69 000100011 2
70 100010001 1
71 110001000 1
72 011000100 2
73 001100010 2
74 000110001 1
75 000011000 1
76 000001100 1
77 100000110 1
78 110000011 1
79 011000001 2
80 001100000 2
81 000110000 1
82 100011000 0
83 010001100 1
84 001000110 2
85 100100011 1
86 110010001 1
87 011001000 2
88 001100100 2
89 100110010 1
90 010011001 1
91 001001100 2
92 000100110 2
93 100010011 1
94 110001001 1
95 111000100 2
96 111100010 2
97 011110001 2
98 001111000 2
99 100111100 1
100 010011110 2
101 101001111 2
102 010100111 3
103 001010011 3
104 000101001 2
105 000010100 2
106 100001010 1
107 110000101 1
108 111000010 2
109 011100001 2
110 001110000 2
111 000111000 1
112 000011100 1
113 100001110 1
114 010000111 2
115 101000011 2
116 010100001 2
117 001010000 2
118 000101000 1
119 000010100 1
120 000001010 1
121 000000101 1
122 100000010 1
123 010000001 1
124 101000000 1
125 010100000 1
126 001010000 1
127 100101000 0
128 010010100 1
129 101001010 1
130 110100101 1
131 111010010 2
132 011101001 2
133 101110100 2
134 010111010 2
135 001011101 2
136 100101110 2
137 110010111 2
138 011001011 3
139 001100101 3
140 100110010 2
141 110011001 1
142 111001100 2
143 011100110 3
144 101110011 2
145 010111001 2
146 101011100 2
147 110101110 2
148 011010111 3
149 001101011 3
150 100110101 2
151 110011010 2
152 111001101 2
153 111100110 3
154 011110011 3
155 101111001 2
156 110111100 2
157 011011110 3
158 001101111 3
159 000110111 3
160 100011011 2
161 110001101 2
162 111000110 3
163 011100011 3
164 101110001 2
165 010111000 2
166 001011100 2
167 000101110 2
168 000010111 2
169 000001011 2
170 000000101 2
171 000000010 2
172 000000001 1
173 000000000 1
174 100000000 0
175 110000000 0
176 011000000 1
177 001100000 1
178 100110000 0
179 110011000 0
180 111001100 1
181 111100110 2
182 111110011 2
183 111111001 2
184 011111100 3
185 001111110 3
186 100111111 2
187 010011111 3
188 101001111 3
189 110100111 3
190 111010011 3
191 011101001 3
192 001110100 3
193 000111010 2
194 100011101 1
195 110001110 2
196 011000111 3
197 001100011 3
198 000110001 2
199 100011000 1
200 110001100 1
201 111000110 2
202 111100011 2
203 111110001 2
204 111111000 2
205 111111100 2
206 011111110 3
207 001111111 3
208 000111111 3
209 000011111 3
210 000001111 3
211 000000111 3
212 100000011 2
213 010000001 2
214 001000000 2
215 000100000 1
216 100010000 0
217 110001000 0
218 111000100 1
219 011100010 2
220 101110001 1
221 110111000 1
222 011011100 2
223 101101110 2
224 110110111 2
225 011011011 3
226 001101101 3
227 000110110 3
228 000011011 2
229 000001101 2
230 100000110 2
231 010000011 2
232 001000001 2
233 100100000 1
234 010010000 1
235 001001000 1
236 000100100 1
237 000010010 1
238 100001001 0
239 110000100 1
240 011000010 2
241 101100001 1
242 110110000 1
243 111011000 1
244 011101100 2
245 101110110 2
246 010111011 2
247 101011101 2
248 010101110 3
249 001010111 3
250 100101011 2
251 110010101 2
252 011001010 3
253 101100101 2
254 110110010 2
255 011011001 2
256 101101100 2
257 110110110 2
258 111011011 2
259 011101101 3
260 101110110 3
261 110111011 2
262 011011101 3
263 101101110 3
264 010110111 3
265 001011011 3
266 100101101 2
267 010010110 3
268 101001011 2
269 110100101 2
270 011010010 3
271 001101001 2
272 000110100 2
273 100011010 1
274 110001101 1
275 011000110 3
276 101100011 2
277 010110001 2
278 001011000 2
279 100101100 1
280 010010110 2
281 001001011 2
282 000100101 2
283 000010010 2
284 000001001 1
285 100000100 1
286 110000010 1
287 111000001 1
288 011100000 2
289 101110000 1
290 010111000 1
291 101011100 1
292 010101110 2
293 101010111 2
294 110101011 2
295 011010101 3
296 001101010 3
297 000110101 2
298 000011010 2
299 100001101 1
300 110000110 2
301 111000011 2
302 111100001 2
303 111110000 2
304 011111000 2
305 001111100 2
306 000111110 2
307 000011111 2
308 100001111 2
309 010000111 3
310 001000011 3
311 000100001 2
312 100010000 1
313 010001000 1
314 101000100 1
315 110100010 1
316 111010001 1
317 011101000 2
318 001110100 2
319 100111010 1
320 110011101 1
321 011001110 3
322 001100111 3
323 100110011 2
324 010011001 2
325 101001100 2
326 110100110 2
327 111010011 2
328 111101001 2
329 011110100 3
330 101111010 2
331 010111101 2
332 001011110 3
333 100101111 2
334 010010111 3
335 001001011 3
336 100100101 2
337 110010010 2
338 011001001 2
339 101100100 2
340 010110010 2
341 101011001 1
342 010101100 2
343 101010110 2
344 010101011 2
345 101010101 2
346 110101010 2
347 111010101 2
348 011101010 3
349 101110101 2
350 110111010 2
351 111011101 2
352 111101110 3
353 111110111 3
354 111111011 3
355 111111101 3
356 011111110 4
357 101111111 3
358 110111111 3
359 011011111 4
360 001101111 4
361 100110111 3
362 010011011 3
363 001001101 3
364 000100110 3
365 000010011 2
366 100001001 1
367 010000100 2
368 001000010 2
369 000100001 1
370 000010000 1
371 100001000 0
372 010000100 1
373 101000010 1
374 010100001 1
375 101010000 1
376 010101000 1
377 101010100 1
378 110101010 1
379 011010101 2
380 101101010 2
381 010110101 2
382 101011010 2
383 010101101 2
384 001010110 3
385 000101011 2
386 000010101 2
387 000001010 2
388 100000101 1
389 010000010 2
390 101000001 1
391 110100000 1
392 111010000 1
393 111101000 1
394 011110100 2
395 001111010 2
396 100111101 1
397 110011110 2
398 011001111 3
399 101100111 3
400 010110011 3
401 101011001 2
402 110101100 2
403 011010110 3
404 101101011 2
405 110110101 2
406 011011010 3
407 101101101 2
408 010110110 3
409 101011011 2
410 110101101 2
411 111010110 3
412 011101011 3
413 001110101 3
414 100111010 2
415 010011101 2
416 001001110 3
417 100100111 2
418 110010011 2
419 111001001 2
420 011100100 3
421 101110010 2
422 110111001 1
423 111011100 2
424 011101110 3
425 001110111 3
426 100111011 2
427 110011101 2
428 111001110 3
429 111100111 3
430 111110011 3
431 011111001 3
432 001111100 3
433 100111110 2
434 110011111 2
435 111001111 3
436 011100111 4
437 101110011 3
438 110111001 2
439 011011100 3
440 001101110 3
441 100110111 2
442 110011011 2
443 011001101 3
444 101100110 3
445 110110011 2
446 111011001 2
447 011101100 3
448 001110110 3
449 000111011 2
450 000011101 2
451 100001110 2
452 110000111 2
453 011000011 3
454 101100001 2
455 010110000 2
456 101011000 1
457 110101100 1
458 111010110 2
459 111101011 2
460 011110101 3
461 001111010 3
462 000111101 2
463 100011110 2
464 110001111 2
465 111000111 3
466 111100011 3
467 011110001 3
468 101111000 2
469 010111100 2
470 101011110 2
471 110101111 2
472 111010111 3
473 111101011 3
474 111110101 3
475 111111010 3
476 011111101 3
477 101111110 3
478 010111111 3
479 101011111 3
480 110101111 3
481 011010111 4
482 101101011 3
483 010110101 3
484 001011010 3
485 000101101 2
486 100010110 2
487 010001011 2
488 101000101 2
489 110100010 2
490 011010001 2
491 001101000 2
492 100110100 1
493 110011010 1
494 011001101 2
495 001100110 3
496 000110011 2
497 100011001 1
498 010001100 2
499 101000110 2
500 010100011 2
501 001010001 2
502 100101000 1
503 110010100 1
504 011001010 2
505 001100101 2
506 000110010 2
507 000011001 1
508 100001100 1
509 010000110 2
510 001000011 2
511 100100001 1
512 110010000 1
513 111001000 1
514 011100100 2
515 001110010 2
516 000111001 1
517 100011100 1
518 010001110 2
519 101000111 2
520 110100011 2
521 111010001 2
522 111101000 2
523 111110100 2
524 111111010 2
525 111111101 2
526 111111110 3
527 111111111 3
528 011111111 4
529 001111111 4
530 100111111 3
531 110011111 3
532 011001111 4
533 001100111 4
534 000110011 3
535 000011001 2
536 000001100 2
537 000000110 2
538 100000011 1
539 110000001 1
540 011000000 2
541 101100000 1
542 010110000 1
543 001011000 1
544 000101100 1
545 100010110 1
546 110001011 1
547 111000101 2
548 011100010 3
549 001110001 2
550 100111000 1
551 110011100 1
552 111001110 2
553 011100111 3
554 001110011 3
555 000111001 2
556 000011100 2
557 000001110 2
558 000000111 2
559 000000011 2
560 100000001 1
561 110000000 1
562 111000000 1
563 111100000 1
564 111110000 1
565 111111000 1
566 011111100 2
567 101111110 2
568 110111111 2
569 111011111 3
570 011101111 4
571 001110111 4
572 000111011 3
573 100011101 2
574 010001110 3
575 001000111 3
576 100100011 2
577 010010001 2
578 001001000 2
579 100100100 1
580 110010010 1
581 111001001 1
582 111100100 2
583 111110010 2
584 011111001 2
585 101111100 2
586 110111110 2
587 011011111 3
588 101101111 3
589 110110111 3
590 111011011 3
591 111101101 3
592 011110110 4
593 001111011 3
594 100111101 2
595 010011110 3
596 001001111 3
597 000100111 3
598 100010011 2
599 010001001 2
600 101000100 2
601 010100010 2
602 101010001 1
603 110101000 1
604 011010100 2
605 001101010 2
606 100110101 1
607 010011010 2
608 001001101 2
609 100100110 2
610 010010011 2
611 001001001 2
612 000100100 2
613 100010010 1
614 010001001 1
615 001000100 2
616 100100010 1
617 010010001 1
618 101001000 1
619 110100100 1
620 011010010 2
621 101101001 1
622 010110100 2
623 001011010 2
624 100101101 1
625 110010110 2
626 111001011 2
627 011100101 3
628 001110010 3
629 100111001 1
630 010011100 2
631 101001110 2
632 110100111 2
633 011010011 3
634 101101001 2
635 110110100 2
636 111011010 2
637 111101101 2
638 111110110 3
639 011111011 3
640 001111101 3
641 000111110 3
642 100011111 2
643 010001111 3
644 101000111 3
645 010100011 3
646 101010001 2
647 010101000 2
648 001010100 2
649 100101010 1
650 110010101 1
651 111001010 2
652 111100101 2
653 011110010 3
654 001111001 2
655 000111100 2
656 000011110 2
657 000001111 2
658 100000111 2
659 110000011 2
660 111000001 2
661 111100000 2
662 011110000 2
663 101111000 1
664 110111100 1
665 111011110 2
666 011101111 3
667 101110111 3
668 010111011 3
669 001011101 3
670 000101110 3
671 100010111 2
672 110001011 2
673 011000101 3
674 001100010 3
675 100110001 1
676 110011000 1
677 011001100 2
678 101100110 2
679 010110011 2
680 001011001 2
681 000101100 2
682 000010110 2
683 100001011 1
684 010000101 2
685 101000010 2
686 110100001 1
687 011010000 2
688 101101000 1
689 110110100 1
690 011011010 2
691 001101101 2
692 100110110 2
693 010011011 2
694 101001101 2
695 010100110 3
696 101010011 2
697 010101001 2
698 101010100 2
699 010101010 2
700 001010101 2
701 000101010 2
702 100010101 1
703 010001010 2
704 001000101 2
705 000100010 2
706 000010001 1
707 000001000 1
708 000000100 1
709 000000010 1
