  Number    Summ

1 000000011 2
2 100000001 1
3 110000000 1
4 111000000 1
5 111100000 1
6 111110000 1
7 111111000 1
8 011111100 2
9 101111110 2
10 110111111 2
11 111011111 3
12 011101111 4
13 001110111 4
14 000111011 3
15 100011101 2
16 010001110 3
17 001000111 3
18 100100011 2
19 010010001 2
20 001001000 2
21 100100100 1
22 110010010 1
23 111001001 1
24 111100100 2
25 111110010 2
26 011111001 2
27 101111100 2
28 110111110 2
29 011011111 3
30 101101111 3
31 110110111 3
32 111011011 3
33 111101101 3
34 011110110 4
35 001111011 3
36 100111101 2
37 010011110 3
38 001001111 3
39 000100111 3
40 100010011 2
41 010001001 2
42 101000100 2
43 010100010 2
44 101010001 1
45 110101000 1
46 011010100 2
47 001101010 2
48 100110101 1
49 010011010 2
50 001001101 2
51 100100110 2
52 010010011 2
53 001001001 2
54 000100100 2
55 100010010 1
56 010001001 1
57 001000100 2
58 100100010 1
59 010010001 1
60 101001000 1
61 110100100 1
62 011010010 2
63 101101001 1
64 010110100 2
65 001011010 2
66 100101101 1
67 110010110 2
68 111001011 2
69 011100101 3
70 001110010 3
71 100111001 1
72 010011100 2
73 101001110 2
74 110100111 2
75 011010011 3
76 101101001 2
77 110110100 2
78 111011010 2
79 111101101 2
80 111110110 3
81 011111011 3
82 001111101 3
83 000111110 3
84 100011111 2
85 010001111 3
86 101000111 3
87 010100011 3
88 101010001 2
89 010101000 2
90 001010100 2
91 100101010 1
92 110010101 1
93 111001010 2
94 111100101 2
95 011110010 3
96 001111001 2
97 000111100 2
98 000011110 2
99 000001111 2
100 100000111 2
101 110000011 2
102 111000001 2
103 111100000 2
104 011110000 2
105 101111000 1
106 110111100 1
107 111011110 2
108 011101111 3
109 101110111 3
110 010111011 3
111 001011101 3
112 000101110 3
113 100010111 2
114 110001011 2
115 011000101 3
116 001100010 3
117 100110001 1
118 110011000 1
119 011001100 2
120 101100110 2
121 010110011 2
122 001011001 2
123 000101100 2
124 000010110 2
125 100001011 1
126 010000101 2
127 101000010 2
128 110100001 1
129 011010000 2
130 101101000 1
131 110110100 1
132 011011010 2
133 001101101 2
134 100110110 2
135 010011011 2
136 101001101 2
137 010100110 3
138 101010011 2
139 010101001 2
140 101010100 2
141 010101010 2
142 001010101 2
143 000101010 2
144 100010101 1
145 010001010 2
146 001000101 2
147 000100010 2
148 000010001 1
149 000001000 1
150 000000100 1
151 000000010 1
152 100000001 0
153 010000000 1
154 001000000 1
155 100100000 0
156 110010000 0
157 011001000 1
158 101100100 1
159 110110010 1
160 111011001 1
161 111101100 2
162 011110110 3
163 101111011 2
164 110111101 2
165 111011110 3
166 111101111 3
167 011110111 4
168 101111011 3
169 010111101 3
170 101011110 3
171 010101111 3
172 101010111 3
173 010101011 3
174 001010101 3
175 100101010 2
176 010010101 2
177 101001010 2
178 010100101 2
179 101010010 2
180 110101001 1
181 111010100 2
182 111101010 2
183 111110101 2
184 011111010 3
185 101111101 2
186 010111110 3
187 001011111 3
188 000101111 3
189 000010111 3
190 100001011 2
191 110000101 2
192 011000010 3
193 001100001 2
194 100110000 1
195 010011000 1
196 101001100 1
197 010100110 2
198 001010011 2
199 100101001 1
200 010010100 2
201 001001010 2
202 100100101 1
203 010010010 2
204 101001001 1
205 010100100 2
206 001010010 2
207 000101001 1
208 100010100 1
209 110001010 1
210 011000101 2
211 101100010 2
212 110110001 1
213 011011000 2
214 001101100 2
215 000110110 2
216 100011011 1
217 010001101 2
218 001000110 3
219 000100011 2
220 100010001 1
221 110001000 1
222 011000100 2
223 001100010 2
224 000110001 1
225 000011000 1
226 000001100 1
227 100000110 1
228 110000011 1
229 011000001 2
230 001100000 2
231 000110000 1
232 100011000 0
233 010001100 1
234 001000110 2
235 100100011 1
236 110010001 1
237 011001000 2
238 001100100 2
239 100110010 1
240 010011001 1
241 001001100 2
242 000100110 2
243 100010011 1
244 110001001 1
245 111000100 2
246 111100010 2
247 011110001 2
248 001111000 2
249 100111100 1
250 010011110 2
251 101001111 2
252 010100111 3
253 001010011 3
254 000101001 2
255 000010100 2
256 100001010 1
257 110000101 1
258 111000010 2
259 011100001 2
260 001110000 2
261 000111000 1
262 000011100 1
263 100001110 1
264 010000111 2
265 101000011 2
266 010100001 2
267 001010000 2
268 000101000 1
269 000010100 1
270 000001010 1
271 000000101 1
272 100000010 1
273 010000001 1
274 101000000 1
275 010100000 1
276 001010000 1
277 100101000 0
278 010010100 1
279 101001010 1
280 110100101 1
281 111010010 2
282 011101001 2
283 101110100 2
284 010111010 2
285 001011101 2
286 100101110 2
287 110010111 2
288 011001011 3
289 001100101 3
290 100110010 2
291 110011001 1
292 111001100 2
293 011100110 3
294 101110011 2
295 010111001 2
296 101011100 2
297 110101110 2
298 011010111 3
299 001101011 3
300 100110101 2
301 110011010 2
302 111001101 2
303 111100110 3
304 011110011 3
305 101111001 2
306 110111100 2
307 011011110 3
308 001101111 3
309 000110111 3
310 100011011 2
311 110001101 2
312 111000110 3
313 011100011 3
314 101110001 2
315 010111000 2
316 001011100 2
317 000101110 2
318 000010111 2
319 000001011 2
320 000000101 2
321 000000010 2
322 000000001 1
323 000000000 1
324 100000000 0
325 110000000 0
326 011000000 1
327 001100000 1
328 100110000 0
329 110011000 0
330 111001100 1
331 111100110 2
332 111110011 2
333 111111001 2
334 011111100 3
335 001111110 3
336 100111111 2
337 010011111 3
338 101001111 3
339 110100111 3
340 111010011 3
341 011101001 3
342 001110100 3
343 000111010 2
344 100011101 1
345 110001110 2
346 011000111 3
347 001100011 3
348 000110001 2
349 100011000 1
350 110001100 1
351 111000110 2
352 111100011 2
353 111110001 2
354 111111000 2
355 111111100 2
356 011111110 3
357 001111111 3
358 000111111 3
359 000011111 3
360 000001111 3
361 000000111 3
362 100000011 2
363 010000001 2
364 001000000 2
365 000100000 1
366 100010000 0
367 110001000 0
368 111000100 1
369 011100010 2
370 101110001 1
371 110111000 1
372 011011100 2
373 101101110 2
374 110110111 2
375 011011011 3
376 001101101 3
377 000110110 3
378 000011011 2
379 000001101 2
380 100000110 2
381 010000011 2
382 001000001 2
383 100100000 1
384 010010000 1
385 001001000 1
386 000100100 1
387 000010010 1
388 100001001 0
389 110000100 1
390 011000010 2
391 101100001 1
392 110110000 1
393 111011000 1
394 011101100 2
395 101110110 2
396 010111011 2
397 101011101 2
398 010101110 3
399 001010111 3
400 100101011 2
401 110010101 2
402 011001010 3
403 101100101 2
404 110110010 2
405 011011001 2
406 101101100 2
407 110110110 2
408 111011011 2
409 011101101 3
410 101110110 3
411 110111011 2
412 011011101 3
413 101101110 3
414 010110111 3
415 001011011 3
416 100101101 2
417 010010110 3
418 101001011 2
419 110100101 2
420 011010010 3
421 001101001 2
422 000110100 2
423 100011010 1
424 110001101 1
425 011000110 3
426 101100011 2
427 010110001 2
428 001011000 2
429 100101100 1
430 010010110 2
431 001001011 2
432 000100101 2
433 000010010 2
434 000001001 1
435 100000100 1
436 110000010 1
437 111000001 1
438 011100000 2
439 101110000 1
440 010111000 1
441 101011100 1
442 010101110 2
443 101010111 2
444 110101011 2
445 011010101 3
446 001101010 3
447 000110101 2
448 000011010 2
449 100001101 1
450 110000110 2
451 111000011 2
452 111100001 2
453 111110000 2
454 011111000 2
455 001111100 2
456 000111110 2
457 000011111 2
458 100001111 2
459 010000111 3
460 001000011 3
461 000100001 2
462 100010000 1
463 010001000 1
464 101000100 1
465 110100010 1
466 111010001 1
467 011101000 2
468 001110100 2
469 100111010 1
470 110011101 1
471 011001110 3
472 001100111 3
473 100110011 2
474 010011001 2
475 101001100 2
476 110100110 2
477 111010011 2
478 111101001 2
479 011110100 3
480 101111010 2
481 010111101 2
482 001011110 3
483 100101111 2
484 010010111 3
485 001001011 3
486 100100101 2
487 110010010 2
488 011001001 2
489 101100100 2
490 010110010 2
491 101011001 1
492 010101100 2
493 101010110 2
494 010101011 2
495 101010101 2
496 110101010 2
497 111010101 2
498 011101010 3
499 101110101 2
500 110111010 2
501 111011101 2
502 111101110 3
503 111110111 3
504 111111011 3
505 111111101 3
506 011111110 4
507 101111111 3
508 110111111 3
509 011011111 4
510 001101111 4
511 100110111 3
512 010011011 3
513 001001101 3
514 000100110 3
515 000010011 2
516 100001001 1
517 010000100 2
518 001000010 2
519 000100001 1
520 000010000 1
521 100001000 0
522 010000100 1
523 101000010 1
524 010100001 1
525 101010000 1
526 010101000 1
527 101010100 1
528 110101010 1
529 011010101 2
530 101101010 2
531 010110101 2
532 101011010 2
533 010101101 2
534 001010110 3
535 000101011 2
536 000010101 2
537 000001010 2
538 100000101 1
539 010000010 2
540 101000001 1
541 110100000 1
542 111010000 1
543 111101000 1
544 011110100 2
545 001111010 2
546 100111101 1
547 110011110 2
548 011001111 3
549 101100111 3
550 010110011 3
551 101011001 2
552 110101100 2
553 011010110 3
554 101101011 2
555 110110101 2
556 011011010 3
557 101101101 2
558 010110110 3
559 101011011 2
560 110101101 2
561 111010110 3
562 011101011 3
563 001110101 3
564 100111010 2
565 010011101 2
566 001001110 3
567 100100111 2
568 110010011 2
569 111001001 2
570 011100100 3
571 101110010 2
572 110111001 1
573 111011100 2
574 011101110 3
575 001110111 3
576 100111011 2
577 110011101 2
578 111001110 3
579 111100111 3
580 111110011 3
581 011111001 3
582 001111100 3
583 100111110 2
584 110011111 2
585 111001111 3
586 011100111 4
587 101110011 3
588 110111001 2
589 011011100 3
590 001101110 3
591 100110111 2
592 110011011 2
593 011001101 3
594 101100110 3
595 110110011 2
596 111011001 2
597 011101100 3
598 001110110 3
599 000111011 2
600 000011101 2
601 100001110 2
602 110000111 2
603 011000011 3
604 101100001 2
605 010110000 2
606 101011000 1
607 110101100 1
608 111010110 2
609 111101011 2
610 011110101 3
611 001111010 3
612 000111101 2
613 100011110 2
614 110001111 2
615 111000111 3
616 111100011 3
617 011110001 3
618 101111000 2
619 010111100 2
620 101011110 2
621 110101111 2
622 111010111 3
623 111101011 3
624 111110101 3
625 111111010 3
626 011111101 3
627 101111110 3
628 010111111 3
629 101011111 3
630 110101111 3
631 011010111 4
632 101101011 3
633 010110101 3
634 001011010 3
635 000101101 2
636 100010110 2
637 010001011 2
638 101000101 2
639 110100010 2
640 011010001 2
641 001101000 2
642 100110100 1
643 110011010 1
644 011001101 2
645 001100110 3
646 000110011 2
647 100011001 1
648 010001100 2
649 101000110 2
650 010100011 2
651 001010001 2
652 100101000 1
653 110010100 1
654 011001010 2
655 001100101 2
656 000110010 2
657 000011001 1
658 100001100 1
659 010000110 2
660 001000011 2
661 100100001 1
662 110010000 1
663 111001000 1
664 011100100 2
665 001110010 2
666 000111001 1
667 100011100 1
668 010001110 2
669 101000111 2
670 110100011 2
671 111010001 2
672 111101000 2
673 111110100 2
674 111111010 2
675 111111101 2
676 111111110 3
677 111111111 3
678 011111111 4
679 001111111 4
680 100111111 3
681 110011111 3
682 011001111 4
683 001100111 4
684 000110011 3
685 000011001 2
686 000001100 2
687 000000110 2
688 100000011 1
689 110000001 1
690 011000000 2
691 101100000 1
692 010110000 1
693 001011000 1
694 000101100 1
695 100010110 1
696 110001011 1
697 111000101 2
698 011100010 3
699 001110001 2
700 100111000 1
701 110011100 1
702 111001110 2
703 011100111 3
704 001110011 3
705 000111001 2
706 000011100 2
707 000001110 2
708 000000111 2
709 000000011 2
