  Number    Summ

1 000000100 3
2 000000010 2
3 000000001 1
4 000000000 1
5 100000000 0
6 110000000 0
7 011000000 1
8 001100000 1
9 100110000 0
10 110011000 0
11 111001100 1
12 111100110 2
13 111110011 2
14 111111001 2
15 011111100 3
16 001111110 3
17 100111111 2
18 010011111 3
19 101001111 3
20 110100111 3
21 111010011 3
22 011101001 3
23 001110100 3
24 000111010 2
25 100011101 1
26 110001110 2
27 011000111 3
28 001100011 3
29 000110001 2
30 100011000 1
31 110001100 1
32 111000110 2
33 111100011 2
34 111110001 2
35 111111000 2
36 111111100 2
37 011111110 3
38 001111111 3
39 000111111 3
40 000011111 3
41 000001111 3
42 000000111 3
43 100000011 2
44 010000001 2
45 001000000 2
46 000100000 1
47 100010000 0
48 110001000 0
49 111000100 1
50 011100010 2
51 101110001 1
52 110111000 1
53 011011100 2
54 101101110 2
55 110110111 2
56 011011011 3
57 001101101 3
58 000110110 3
59 000011011 2
60 000001101 2
61 100000110 2
62 010000011 2
63 001000001 2
64 100100000 1
65 010010000 1
66 001001000 1
67 000100100 1
68 000010010 1
69 100001001 0
70 110000100 1
71 011000010 2
72 101100001 1
73 110110000 1
74 111011000 1
75 011101100 2
76 101110110 2
77 010111011 2
78 101011101 2
79 010101110 3
80 001010111 3
81 100101011 2
82 110010101 2
83 011001010 3
84 101100101 2
85 110110010 2
86 011011001 2
87 101101100 2
88 110110110 2
89 111011011 2
90 011101101 3
91 101110110 3
92 110111011 2
93 011011101 3
94 101101110 3
95 010110111 3
96 001011011 3
97 100101101 2
98 010010110 3
99 101001011 2
100 110100101 2
101 011010010 3
102 001101001 2
103 000110100 2
104 100011010 1
105 110001101 1
106 011000110 3
107 101100011 2
108 010110001 2
109 001011000 2
110 100101100 1
111 010010110 2
112 001001011 2
113 000100101 2
114 000010010 2
115 000001001 1
116 100000100 1
117 110000010 1
118 111000001 1
119 011100000 2
120 101110000 1
121 010111000 1
122 101011100 1
123 010101110 2
124 101010111 2
125 110101011 2
126 011010101 3
127 001101010 3
128 000110101 2
129 000011010 2
130 100001101 1
131 110000110 2
132 111000011 2
133 111100001 2
134 111110000 2
135 011111000 2
136 001111100 2
137 000111110 2
138 000011111 2
139 100001111 2
140 010000111 3
141 001000011 3
142 000100001 2
143 100010000 1
144 010001000 1
145 101000100 1
146 110100010 1
147 111010001 1
148 011101000 2
149 001110100 2
150 100111010 1
151 110011101 1
152 011001110 3
153 001100111 3
154 100110011 2
155 010011001 2
156 101001100 2
157 110100110 2
158 111010011 2
159 111101001 2
160 011110100 3
161 101111010 2
162 010111101 2
163 001011110 3
164 100101111 2
165 010010111 3
166 001001011 3
167 100100101 2
168 110010010 2
169 011001001 2
170 101100100 2
171 010110010 2
172 101011001 1
173 010101100 2
174 101010110 2
175 010101011 2
176 101010101 2
177 110101010 2
178 111010101 2
179 011101010 3
180 101110101 2
181 110111010 2
182 111011101 2
183 111101110 3
184 111110111 3
185 111111011 3
186 111111101 3
187 011111110 4
188 101111111 3
189 110111111 3
190 011011111 4
191 001101111 4
192 100110111 3
193 010011011 3
194 001001101 3
195 000100110 3
196 000010011 2
197 100001001 1
198 010000100 2
199 001000010 2
200 000100001 1
201 000010000 1
202 100001000 0
203 010000100 1
204 101000010 1
205 010100001 1
206 101010000 1
207 010101000 1
208 101010100 1
209 110101010 1
210 011010101 2
211 101101010 2
212 010110101 2
213 101011010 2
214 010101101 2
215 001010110 3
216 000101011 2
217 000010101 2
218 000001010 2
219 100000101 1
220 010000010 2
221 101000001 1
222 110100000 1
223 111010000 1
224 111101000 1
225 011110100 2
226 001111010 2
227 100111101 1
228 110011110 2
229 011001111 3
230 101100111 3
231 010110011 3
232 101011001 2
233 110101100 2
234 011010110 3
235 101101011 2
236 110110101 2
237 011011010 3
238 101101101 2
239 010110110 3
240 101011011 2
241 110101101 2
242 111010110 3
243 011101011 3
244 001110101 3
245 100111010 2
246 010011101 2
247 001001110 3
248 100100111 2
249 110010011 2
250 111001001 2
251 011100100 3
252 101110010 2
253 110111001 1
254 111011100 2
255 011101110 3
256 001110111 3
257 100111011 2
258 110011101 2
259 111001110 3
260 111100111 3
261 111110011 3
262 011111001 3
263 001111100 3
264 100111110 2
265 110011111 2
266 111001111 3
267 011100111 4
268 101110011 3
269 110111001 2
270 011011100 3
271 001101110 3
272 100110111 2
273 110011011 2
274 011001101 3
275 101100110 3
276 110110011 2
277 111011001 2
278 011101100 3
279 001110110 3
280 000111011 2
281 000011101 2
282 100001110 2
283 110000111 2
284 011000011 3
285 101100001 2
286 010110000 2
287 101011000 1
288 110101100 1
289 111010110 2
290 111101011 2
291 011110101 3
292 001111010 3
293 000111101 2
294 100011110 2
295 110001111 2
296 111000111 3
297 111100011 3
298 011110001 3
299 101111000 2
300 010111100 2
301 101011110 2
302 110101111 2
303 111010111 3
304 111101011 3
305 111110101 3
306 111111010 3
307 011111101 3
308 101111110 3
309 010111111 3
310 101011111 3
311 110101111 3
312 011010111 4
313 101101011 3
314 010110101 3
315 001011010 3
316 000101101 2
317 100010110 2
318 010001011 2
319 101000101 2
320 110100010 2
321 011010001 2
322 001101000 2
323 100110100 1
324 110011010 1
325 011001101 2
326 001100110 3
327 000110011 2
328 100011001 1
329 010001100 2
330 101000110 2
331 010100011 2
332 001010001 2
333 100101000 1
334 110010100 1
335 011001010 2
336 001100101 2
337 000110010 2
338 000011001 1
339 100001100 1
340 010000110 2
341 001000011 2
342 100100001 1
343 110010000 1
344 111001000 1
345 011100100 2
346 001110010 2
347 000111001 1
348 100011100 1
349 010001110 2
350 101000111 2
351 110100011 2
352 111010001 2
353 111101000 2
354 111110100 2
355 111111010 2
356 111111101 2
357 111111110 3
358 111111111 3
359 011111111 4
360 001111111 4
361 100111111 3
362 110011111 3
363 011001111 4
364 001100111 4
365 000110011 3
366 000011001 2
367 000001100 2
368 000000110 2
369 100000011 1
370 110000001 1
371 011000000 2
372 101100000 1
373 010110000 1
374 001011000 1
375 000101100 1
376 100010110 1
377 110001011 1
378 111000101 2
379 011100010 3
380 001110001 2
381 100111000 1
382 110011100 1
383 111001110 2
384 011100111 3
385 001110011 3
386 000111001 2
387 000011100 2
388 000001110 2
389 000000111 2
390 000000011 2
391 100000001 1
392 110000000 1
393 111000000 1
394 111100000 1
395 111110000 1
396 111111000 1
397 011111100 2
398 101111110 2
399 110111111 2
400 111011111 3
401 011101111 4
402 001110111 4
403 000111011 3
404 100011101 2
405 010001110 3
406 001000111 3
407 100100011 2
408 010010001 2
409 001001000 2
410 100100100 1
411 110010010 1
412 111001001 1
413 111100100 2
414 111110010 2
415 011111001 2
416 101111100 2
417 110111110 2
418 011011111 3
419 101101111 3
420 110110111 3
421 111011011 3
422 111101101 3
423 011110110 4
424 001111011 3
425 100111101 2
426 010011110 3
427 001001111 3
428 000100111 3
429 100010011 2
430 010001001 2
431 101000100 2
432 010100010 2
433 101010001 1
434 110101000 1
435 011010100 2
436 001101010 2
437 100110101 1
438 010011010 2
439 001001101 2
440 100100110 2
441 010010011 2
442 001001001 2
443 000100100 2
444 100010010 1
445 010001001 1
446 001000100 2
447 100100010 1
448 010010001 1
449 101001000 1
450 110100100 1
451 011010010 2
452 101101001 1
453 010110100 2
454 001011010 2
455 100101101 1
456 110010110 2
457 111001011 2
458 011100101 3
459 001110010 3
460 100111001 1
461 010011100 2
462 101001110 2
463 110100111 2
464 011010011 3
465 101101001 2
466 110110100 2
467 111011010 2
468 111101101 2
469 111110110 3
470 011111011 3
471 001111101 3
472 000111110 3
473 100011111 2
474 010001111 3
475 101000111 3
476 010100011 3
477 101010001 2
478 010101000 2
479 001010100 2
480 100101010 1
481 110010101 1
482 111001010 2
483 111100101 2
484 011110010 3
485 001111001 2
486 000111100 2
487 000011110 2
488 000001111 2
489 100000111 2
490 110000011 2
491 111000001 2
492 111100000 2
493 011110000 2
494 101111000 1
495 110111100 1
496 111011110 2
497 011101111 3
498 101110111 3
499 010111011 3
500 001011101 3
501 000101110 3
502 100010111 2
503 110001011 2
504 011000101 3
505 001100010 3
506 100110001 1
507 110011000 1
508 011001100 2
509 101100110 2
510 010110011 2
511 001011001 2
512 000101100 2
513 000010110 2
514 100001011 1
515 010000101 2
516 101000010 2
517 110100001 1
518 011010000 2
519 101101000 1
520 110110100 1
521 011011010 2
522 001101101 2
523 100110110 2
524 010011011 2
525 101001101 2
526 010100110 3
527 101010011 2
528 010101001 2
529 101010100 2
530 010101010 2
531 001010101 2
532 000101010 2
533 100010101 1
534 010001010 2
535 001000101 2
536 000100010 2
537 000010001 1
538 000001000 1
539 000000100 1
540 000000010 1
541 100000001 0
542 010000000 1
543 001000000 1
544 100100000 0
545 110010000 0
546 011001000 1
547 101100100 1
548 110110010 1
549 111011001 1
550 111101100 2
551 011110110 3
552 101111011 2
553 110111101 2
554 111011110 3
555 111101111 3
556 011110111 4
557 101111011 3
558 010111101 3
559 101011110 3
560 010101111 3
561 101010111 3
562 010101011 3
563 001010101 3
564 100101010 2
565 010010101 2
566 101001010 2
567 010100101 2
568 101010010 2
569 110101001 1
570 111010100 2
571 111101010 2
572 111110101 2
573 011111010 3
574 101111101 2
575 010111110 3
576 001011111 3
577 000101111 3
578 000010111 3
579 100001011 2
580 110000101 2
581 011000010 3
582 001100001 2
583 100110000 1
584 010011000 1
585 101001100 1
586 010100110 2
587 001010011 2
588 100101001 1
589 010010100 2
590 001001010 2
591 100100101 1
592 010010010 2
593 101001001 1
594 010100100 2
595 001010010 2
596 000101001 1
597 100010100 1
598 110001010 1
599 011000101 2
600 101100010 2
601 110110001 1
602 011011000 2
603 001101100 2
604 000110110 2
605 100011011 1
606 010001101 2
607 001000110 3
608 000100011 2
609 100010001 1
610 110001000 1
611 011000100 2
612 001100010 2
613 000110001 1
614 000011000 1
615 000001100 1
616 100000110 1
617 110000011 1
618 011000001 2
619 001100000 2
620 000110000 1
621 100011000 0
622 010001100 1
623 001000110 2
624 100100011 1
625 110010001 1
626 011001000 2
627 001100100 2
628 100110010 1
629 010011001 1
630 001001100 2
631 000100110 2
632 100010011 1
633 110001001 1
634 111000100 2
635 111100010 2
636 011110001 2
637 001111000 2
638 100111100 1
639 010011110 2
640 101001111 2
641 010100111 3
642 001010011 3
643 000101001 2
644 000010100 2
645 100001010 1
646 110000101 1
647 111000010 2
648 011100001 2
649 001110000 2
650 000111000 1
651 000011100 1
652 100001110 1
653 010000111 2
654 101000011 2
655 010100001 2
656 001010000 2
657 000101000 1
658 000010100 1
659 000001010 1
660 000000101 1
661 100000010 1
662 010000001 1
663 101000000 1
664 010100000 1
665 001010000 1
666 100101000 0
667 010010100 1
668 101001010 1
669 110100101 1
670 111010010 2
671 011101001 2
672 101110100 2
673 010111010 2
674 001011101 2
675 100101110 2
676 110010111 2
677 011001011 3
678 001100101 3
679 100110010 2
680 110011001 1
681 111001100 2
682 011100110 3
683 101110011 2
684 010111001 2
685 101011100 2
686 110101110 2
687 011010111 3
688 001101011 3
689 100110101 2
690 110011010 2
691 111001101 2
692 111100110 3
693 011110011 3
694 101111001 2
695 110111100 2
696 011011110 3
697 001101111 3
698 000110111 3
699 100011011 2
700 110001101 2
701 111000110 3
702 011100011 3
703 101110001 2
704 010111000 2
705 001011100 2
706 000101110 2
707 000010111 2
708 000001011 2
709 000000101 2
710 000000010 2
