  Number    Summ

1 000000101 4
2 000000010 3
3 100000001 1
4 110000000 1
5 111000000 1
6 111100000 1
7 111110000 1
8 111111000 1
9 011111100 2
10 101111110 2
11 110111111 2
12 111011111 3
13 011101111 4
14 001110111 4
15 000111011 3
16 100011101 2
17 010001110 3
18 001000111 3
19 100100011 2
20 010010001 2
21 001001000 2
22 100100100 1
23 110010010 1
24 111001001 1
25 111100100 2
26 111110010 2
27 011111001 2
28 101111100 2
29 110111110 2
30 011011111 3
31 101101111 3
32 110110111 3
33 111011011 3
34 111101101 3
35 011110110 4
36 001111011 3
37 100111101 2
38 010011110 3
39 001001111 3
40 000100111 3
41 100010011 2
42 010001001 2
43 101000100 2
44 010100010 2
45 101010001 1
46 110101000 1
47 011010100 2
48 001101010 2
49 100110101 1
50 010011010 2
51 001001101 2
52 100100110 2
53 010010011 2
54 001001001 2
55 000100100 2
56 100010010 1
57 010001001 1
58 001000100 2
59 100100010 1
60 010010001 1
61 101001000 1
62 110100100 1
63 011010010 2
64 101101001 1
65 010110100 2
66 001011010 2
67 100101101 1
68 110010110 2
69 111001011 2
70 011100101 3
71 001110010 3
72 100111001 1
73 010011100 2
74 101001110 2
75 110100111 2
76 011010011 3
77 101101001 2
78 110110100 2
79 111011010 2
80 111101101 2
81 111110110 3
82 011111011 3
83 001111101 3
84 000111110 3
85 100011111 2
86 010001111 3
87 101000111 3
88 010100011 3
89 101010001 2
90 010101000 2
91 001010100 2
92 100101010 1
93 110010101 1
94 111001010 2
95 111100101 2
96 011110010 3
97 001111001 2
98 000111100 2
99 000011110 2
100 000001111 2
101 100000111 2
102 110000011 2
103 111000001 2
104 111100000 2
105 011110000 2
106 101111000 1
107 110111100 1
108 111011110 2
109 011101111 3
110 101110111 3
111 010111011 3
112 001011101 3
113 000101110 3
114 100010111 2
115 110001011 2
116 011000101 3
117 001100010 3
118 100110001 1
119 110011000 1
120 011001100 2
121 101100110 2
122 010110011 2
123 001011001 2
124 000101100 2
125 000010110 2
126 100001011 1
127 010000101 2
128 101000010 2
129 110100001 1
130 011010000 2
131 101101000 1
132 110110100 1
133 011011010 2
134 001101101 2
135 100110110 2
136 010011011 2
137 101001101 2
138 010100110 3
139 101010011 2
140 010101001 2
141 101010100 2
142 010101010 2
143 001010101 2
144 000101010 2
145 100010101 1
146 010001010 2
147 001000101 2
148 000100010 2
149 000010001 1
150 000001000 1
151 000000100 1
152 000000010 1
153 100000001 0
154 010000000 1
155 001000000 1
156 100100000 0
157 110010000 0
158 011001000 1
159 101100100 1
160 110110010 1
161 111011001 1
162 111101100 2
163 011110110 3
164 101111011 2
165 110111101 2
166 111011110 3
167 111101111 3
168 011110111 4
169 101111011 3
170 010111101 3
171 101011110 3
172 010101111 3
173 101010111 3
174 010101011 3
175 001010101 3
176 100101010 2
177 010010101 2
178 101001010 2
179 010100101 2
180 101010010 2
181 110101001 1
182 111010100 2
183 111101010 2
184 111110101 2
185 011111010 3
186 101111101 2
187 010111110 3
188 001011111 3
189 000101111 3
190 000010111 3
191 100001011 2
192 110000101 2
193 011000010 3
194 001100001 2
195 100110000 1
196 010011000 1
197 101001100 1
198 010100110 2
199 001010011 2
200 100101001 1
201 010010100 2
202 001001010 2
203 100100101 1
204 010010010 2
205 101001001 1
206 010100100 2
207 001010010 2
208 000101001 1
209 100010100 1
210 110001010 1
211 011000101 2
212 101100010 2
213 110110001 1
214 011011000 2
215 001101100 2
216 000110110 2
217 100011011 1
218 010001101 2
219 001000110 3
220 000100011 2
221 100010001 1
222 110001000 1
223 011000100 2
224 001100010 2
225 000110001 1
226 000011000 1
227 000001100 1
228 100000110 1
229 110000011 1
230 011000001 2
231 001100000 2
232 000110000 1
233 100011000 0
234 010001100 1
235 001000110 2
236 100100011 1
237 110010001 1
238 011001000 2
239 001100100 2
240 100110010 1
241 010011001 1
242 001001100 2
243 000100110 2
244 100010011 1
245 110001001 1
246 111000100 2
247 111100010 2
248 011110001 2
249 001111000 2
250 100111100 1
251 010011110 2
252 101001111 2
253 010100111 3
254 001010011 3
255 000101001 2
256 000010100 2
257 100001010 1
258 110000101 1
259 111000010 2
260 011100001 2
261 001110000 2
262 000111000 1
263 000011100 1
264 100001110 1
265 010000111 2
266 101000011 2
267 010100001 2
268 001010000 2
269 000101000 1
270 000010100 1
271 000001010 1
272 000000101 1
273 100000010 1
274 010000001 1
275 101000000 1
276 010100000 1
277 001010000 1
278 100101000 0
279 010010100 1
280 101001010 1
281 110100101 1
282 111010010 2
283 011101001 2
284 101110100 2
285 010111010 2
286 001011101 2
287 100101110 2
288 110010111 2
289 011001011 3
290 001100101 3
291 100110010 2
292 110011001 1
293 111001100 2
294 011100110 3
295 101110011 2
296 010111001 2
297 101011100 2
298 110101110 2
299 011010111 3
300 001101011 3
301 100110101 2
302 110011010 2
303 111001101 2
304 111100110 3
305 011110011 3
306 101111001 2
307 110111100 2
308 011011110 3
309 001101111 3
310 000110111 3
311 100011011 2
312 110001101 2
313 111000110 3
314 011100011 3
315 101110001 2
316 010111000 2
317 001011100 2
318 000101110 2
319 000010111 2
320 000001011 2
321 000000101 2
322 000000010 2
323 000000001 1
324 000000000 1
325 100000000 0
326 110000000 0
327 011000000 1
328 001100000 1
329 100110000 0
330 110011000 0
331 111001100 1
332 111100110 2
333 111110011 2
334 111111001 2
335 011111100 3
336 001111110 3
337 100111111 2
338 010011111 3
339 101001111 3
340 110100111 3
341 111010011 3
342 011101001 3
343 001110100 3
344 000111010 2
345 100011101 1
346 110001110 2
347 011000111 3
348 001100011 3
349 000110001 2
350 100011000 1
351 110001100 1
352 111000110 2
353 111100011 2
354 111110001 2
355 111111000 2
356 111111100 2
357 011111110 3
358 001111111 3
359 000111111 3
360 000011111 3
361 000001111 3
362 000000111 3
363 100000011 2
364 010000001 2
365 001000000 2
366 000100000 1
367 100010000 0
368 110001000 0
369 111000100 1
370 011100010 2
371 101110001 1
372 110111000 1
373 011011100 2
374 101101110 2
375 110110111 2
376 011011011 3
377 001101101 3
378 000110110 3
379 000011011 2
380 000001101 2
381 100000110 2
382 010000011 2
383 001000001 2
384 100100000 1
385 010010000 1
386 001001000 1
387 000100100 1
388 000010010 1
389 100001001 0
390 110000100 1
391 011000010 2
392 101100001 1
393 110110000 1
394 111011000 1
395 011101100 2
396 101110110 2
397 010111011 2
398 101011101 2
399 010101110 3
400 001010111 3
401 100101011 2
402 110010101 2
403 011001010 3
404 101100101 2
405 110110010 2
406 011011001 2
407 101101100 2
408 110110110 2
409 111011011 2
410 011101101 3
411 101110110 3
412 110111011 2
413 011011101 3
414 101101110 3
415 010110111 3
416 001011011 3
417 100101101 2
418 010010110 3
419 101001011 2
420 110100101 2
421 011010010 3
422 001101001 2
423 000110100 2
424 100011010 1
425 110001101 1
426 011000110 3
427 101100011 2
428 010110001 2
429 001011000 2
430 100101100 1
431 010010110 2
432 001001011 2
433 000100101 2
434 000010010 2
435 000001001 1
436 100000100 1
437 110000010 1
438 111000001 1
439 011100000 2
440 101110000 1
441 010111000 1
442 101011100 1
443 010101110 2
444 101010111 2
445 110101011 2
446 011010101 3
447 001101010 3
448 000110101 2
449 000011010 2
450 100001101 1
451 110000110 2
452 111000011 2
453 111100001 2
454 111110000 2
455 011111000 2
456 001111100 2
457 000111110 2
458 000011111 2
459 100001111 2
460 010000111 3
461 001000011 3
462 000100001 2
463 100010000 1
464 010001000 1
465 101000100 1
466 110100010 1
467 111010001 1
468 011101000 2
469 001110100 2
470 100111010 1
471 110011101 1
472 011001110 3
473 001100111 3
474 100110011 2
475 010011001 2
476 101001100 2
477 110100110 2
478 111010011 2
479 111101001 2
480 011110100 3
481 101111010 2
482 010111101 2
483 001011110 3
484 100101111 2
485 010010111 3
486 001001011 3
487 100100101 2
488 110010010 2
489 011001001 2
490 101100100 2
491 010110010 2
492 101011001 1
493 010101100 2
494 101010110 2
495 010101011 2
496 101010101 2
497 110101010 2
498 111010101 2
499 011101010 3
500 101110101 2
501 110111010 2
502 111011101 2
503 111101110 3
504 111110111 3
505 111111011 3
506 111111101 3
507 011111110 4
508 101111111 3
509 110111111 3
510 011011111 4
511 001101111 4
512 100110111 3
513 010011011 3
514 001001101 3
515 000100110 3
516 000010011 2
517 100001001 1
518 010000100 2
519 001000010 2
520 000100001 1
521 000010000 1
522 100001000 0
523 010000100 1
524 101000010 1
525 010100001 1
526 101010000 1
527 010101000 1
528 101010100 1
529 110101010 1
530 011010101 2
531 101101010 2
532 010110101 2
533 101011010 2
534 010101101 2
535 001010110 3
536 000101011 2
537 000010101 2
538 000001010 2
539 100000101 1
540 010000010 2
541 101000001 1
542 110100000 1
543 111010000 1
544 111101000 1
545 011110100 2
546 001111010 2
547 100111101 1
548 110011110 2
549 011001111 3
550 101100111 3
551 010110011 3
552 101011001 2
553 110101100 2
554 011010110 3
555 101101011 2
556 110110101 2
557 011011010 3
558 101101101 2
559 010110110 3
560 101011011 2
561 110101101 2
562 111010110 3
563 011101011 3
564 001110101 3
565 100111010 2
566 010011101 2
567 001001110 3
568 100100111 2
569 110010011 2
570 111001001 2
571 011100100 3
572 101110010 2
573 110111001 1
574 111011100 2
575 011101110 3
576 001110111 3
577 100111011 2
578 110011101 2
579 111001110 3
580 111100111 3
581 111110011 3
582 011111001 3
583 001111100 3
584 100111110 2
585 110011111 2
586 111001111 3
587 011100111 4
588 101110011 3
589 110111001 2
590 011011100 3
591 001101110 3
592 100110111 2
593 110011011 2
594 011001101 3
595 101100110 3
596 110110011 2
597 111011001 2
598 011101100 3
599 001110110 3
600 000111011 2
601 000011101 2
602 100001110 2
603 110000111 2
604 011000011 3
605 101100001 2
606 010110000 2
607 101011000 1
608 110101100 1
609 111010110 2
610 111101011 2
611 011110101 3
612 001111010 3
613 000111101 2
614 100011110 2
615 110001111 2
616 111000111 3
617 111100011 3
618 011110001 3
619 101111000 2
620 010111100 2
621 101011110 2
622 110101111 2
623 111010111 3
624 111101011 3
625 111110101 3
626 111111010 3
627 011111101 3
628 101111110 3
629 010111111 3
630 101011111 3
631 110101111 3
632 011010111 4
633 101101011 3
634 010110101 3
635 001011010 3
636 000101101 2
637 100010110 2
638 010001011 2
639 101000101 2
640 110100010 2
641 011010001 2
642 001101000 2
643 100110100 1
644 110011010 1
645 011001101 2
646 001100110 3
647 000110011 2
648 100011001 1
649 010001100 2
650 101000110 2
651 010100011 2
652 001010001 2
653 100101000 1
654 110010100 1
655 011001010 2
656 001100101 2
657 000110010 2
658 000011001 1
659 100001100 1
660 010000110 2
661 001000011 2
662 100100001 1
663 110010000 1
664 111001000 1
665 011100100 2
666 001110010 2
667 000111001 1
668 100011100 1
669 010001110 2
670 101000111 2
671 110100011 2
672 111010001 2
673 111101000 2
674 111110100 2
675 111111010 2
676 111111101 2
677 111111110 3
678 111111111 3
679 011111111 4
680 001111111 4
681 100111111 3
682 110011111 3
683 011001111 4
684 001100111 4
685 000110011 3
686 000011001 2
687 000001100 2
688 000000110 2
689 100000011 1
690 110000001 1
691 011000000 2
692 101100000 1
693 010110000 1
694 001011000 1
695 000101100 1
696 100010110 1
697 110001011 1
698 111000101 2
699 011100010 3
700 001110001 2
701 100111000 1
702 110011100 1
703 111001110 2
704 011100111 3
705 001110011 3
706 000111001 2
707 000011100 2
708 000001110 2
709 000000111 2
710 000000011 2
711 100000001 1
