  Number    Summ

1 000000001 0
2 100000000 0
3 110000000 0
4 011000000 1
5 001100000 1
6 100110000 0
7 110011000 0
8 111001100 1
9 111100110 2
10 111110011 2
11 111111001 2
12 011111100 3
13 001111110 3
14 100111111 2
15 010011111 3
16 101001111 3
17 110100111 3
18 111010011 3
19 011101001 3
20 001110100 3
21 000111010 2
22 100011101 1
23 110001110 2
24 011000111 3
25 001100011 3
26 000110001 2
27 100011000 1
28 110001100 1
29 111000110 2
30 111100011 2
31 111110001 2
32 111111000 2
33 111111100 2
34 011111110 3
35 001111111 3
36 000111111 3
37 000011111 3
38 000001111 3
39 000000111 3
40 100000011 2
41 010000001 2
42 001000000 2
43 000100000 1
44 100010000 0
45 110001000 0
46 111000100 1
47 011100010 2
48 101110001 1
49 110111000 1
50 011011100 2
51 101101110 2
52 110110111 2
53 011011011 3
54 001101101 3
55 000110110 3
56 000011011 2
57 000001101 2
58 100000110 2
59 010000011 2
60 001000001 2
61 100100000 1
62 010010000 1
63 001001000 1
64 000100100 1
65 000010010 1
66 100001001 0
67 110000100 1
68 011000010 2
69 101100001 1
70 110110000 1
71 111011000 1
72 011101100 2
73 101110110 2
74 010111011 2
75 101011101 2
76 010101110 3
77 001010111 3
78 100101011 2
79 110010101 2
80 011001010 3
81 101100101 2
82 110110010 2
83 011011001 2
84 101101100 2
85 110110110 2
86 111011011 2
87 011101101 3
88 101110110 3
89 110111011 2
90 011011101 3
91 101101110 3
92 010110111 3
93 001011011 3
94 100101101 2
95 010010110 3
96 101001011 2
97 110100101 2
98 011010010 3
99 001101001 2
100 000110100 2
101 100011010 1
102 110001101 1
103 011000110 3
104 101100011 2
105 010110001 2
106 001011000 2
107 100101100 1
108 010010110 2
109 001001011 2
110 000100101 2
111 000010010 2
112 000001001 1
113 100000100 1
114 110000010 1
115 111000001 1
116 011100000 2
117 101110000 1
118 010111000 1
119 101011100 1
120 010101110 2
121 101010111 2
122 110101011 2
123 011010101 3
124 001101010 3
125 000110101 2
126 000011010 2
127 100001101 1
128 110000110 2
129 111000011 2
130 111100001 2
131 111110000 2
132 011111000 2
133 001111100 2
134 000111110 2
135 000011111 2
136 100001111 2
137 010000111 3
138 001000011 3
139 000100001 2
140 100010000 1
141 010001000 1
142 101000100 1
143 110100010 1
144 111010001 1
145 011101000 2
146 001110100 2
147 100111010 1
148 110011101 1
149 011001110 3
150 001100111 3
151 100110011 2
152 010011001 2
153 101001100 2
154 110100110 2
155 111010011 2
156 111101001 2
157 011110100 3
158 101111010 2
159 010111101 2
160 001011110 3
161 100101111 2
162 010010111 3
163 001001011 3
164 100100101 2
165 110010010 2
166 011001001 2
167 101100100 2
168 010110010 2
169 101011001 1
170 010101100 2
171 101010110 2
172 010101011 2
173 101010101 2
174 110101010 2
175 111010101 2
176 011101010 3
177 101110101 2
178 110111010 2
179 111011101 2
180 111101110 3
181 111110111 3
182 111111011 3
183 111111101 3
184 011111110 4
185 101111111 3
186 110111111 3
187 011011111 4
188 001101111 4
189 100110111 3
190 010011011 3
191 001001101 3
192 000100110 3
193 000010011 2
194 100001001 1
195 010000100 2
196 001000010 2
197 000100001 1
198 000010000 1
199 100001000 0
200 010000100 1
201 101000010 1
202 010100001 1
203 101010000 1
204 010101000 1
205 101010100 1
206 110101010 1
207 011010101 2
208 101101010 2
209 010110101 2
210 101011010 2
211 010101101 2
212 001010110 3
213 000101011 2
214 000010101 2
215 000001010 2
216 100000101 1
217 010000010 2
218 101000001 1
219 110100000 1
220 111010000 1
221 111101000 1
222 011110100 2
223 001111010 2
224 100111101 1
225 110011110 2
226 011001111 3
227 101100111 3
228 010110011 3
229 101011001 2
230 110101100 2
231 011010110 3
232 101101011 2
233 110110101 2
234 011011010 3
235 101101101 2
236 010110110 3
237 101011011 2
238 110101101 2
239 111010110 3
240 011101011 3
241 001110101 3
242 100111010 2
243 010011101 2
244 001001110 3
245 100100111 2
246 110010011 2
247 111001001 2
248 011100100 3
249 101110010 2
250 110111001 1
251 111011100 2
252 011101110 3
253 001110111 3
254 100111011 2
255 110011101 2
256 111001110 3
257 111100111 3
258 111110011 3
259 011111001 3
260 001111100 3
261 100111110 2
262 110011111 2
263 111001111 3
264 011100111 4
265 101110011 3
266 110111001 2
267 011011100 3
268 001101110 3
269 100110111 2
270 110011011 2
271 011001101 3
272 101100110 3
273 110110011 2
274 111011001 2
275 011101100 3
276 001110110 3
277 000111011 2
278 000011101 2
279 100001110 2
280 110000111 2
281 011000011 3
282 101100001 2
283 010110000 2
284 101011000 1
285 110101100 1
286 111010110 2
287 111101011 2
288 011110101 3
289 001111010 3
290 000111101 2
291 100011110 2
292 110001111 2
293 111000111 3
294 111100011 3
295 011110001 3
296 101111000 2
297 010111100 2
298 101011110 2
299 110101111 2
300 111010111 3
301 111101011 3
302 111110101 3
303 111111010 3
304 011111101 3
305 101111110 3
306 010111111 3
307 101011111 3
308 110101111 3
309 011010111 4
310 101101011 3
311 010110101 3
312 001011010 3
313 000101101 2
314 100010110 2
315 010001011 2
316 101000101 2
317 110100010 2
318 011010001 2
319 001101000 2
320 100110100 1
321 110011010 1
322 011001101 2
323 001100110 3
324 000110011 2
325 100011001 1
326 010001100 2
327 101000110 2
328 010100011 2
329 001010001 2
330 100101000 1
331 110010100 1
332 011001010 2
333 001100101 2
334 000110010 2
335 000011001 1
336 100001100 1
337 010000110 2
338 001000011 2
339 100100001 1
340 110010000 1
341 111001000 1
342 011100100 2
343 001110010 2
344 000111001 1
345 100011100 1
346 010001110 2
347 101000111 2
348 110100011 2
349 111010001 2
350 111101000 2
351 111110100 2
352 111111010 2
353 111111101 2
354 111111110 3
355 111111111 3
356 011111111 4
357 001111111 4
358 100111111 3
359 110011111 3
360 011001111 4
361 001100111 4
362 000110011 3
363 000011001 2
364 000001100 2
365 000000110 2
366 100000011 1
367 110000001 1
368 011000000 2
369 101100000 1
370 010110000 1
371 001011000 1
372 000101100 1
373 100010110 1
374 110001011 1
375 111000101 2
376 011100010 3
377 001110001 2
378 100111000 1
379 110011100 1
380 111001110 2
381 011100111 3
382 001110011 3
383 000111001 2
384 000011100 2
385 000001110 2
386 000000111 2
387 000000011 2
388 100000001 1
389 110000000 1
390 111000000 1
391 111100000 1
392 111110000 1
393 111111000 1
394 011111100 2
395 101111110 2
396 110111111 2
397 111011111 3
398 011101111 4
399 001110111 4
400 000111011 3
401 100011101 2
402 010001110 3
403 001000111 3
404 100100011 2
405 010010001 2
406 001001000 2
407 100100100 1
408 110010010 1
409 111001001 1
410 111100100 2
411 111110010 2
412 011111001 2
413 101111100 2
414 110111110 2
415 011011111 3
416 101101111 3
417 110110111 3
418 111011011 3
419 111101101 3
420 011110110 4
421 001111011 3
422 100111101 2
423 010011110 3
424 001001111 3
425 000100111 3
426 100010011 2
427 010001001 2
428 101000100 2
429 010100010 2
430 101010001 1
431 110101000 1
432 011010100 2
433 001101010 2
434 100110101 1
435 010011010 2
436 001001101 2
437 100100110 2
438 010010011 2
439 001001001 2
440 000100100 2
441 100010010 1
442 010001001 1
443 001000100 2
444 100100010 1
445 010010001 1
446 101001000 1
447 110100100 1
448 011010010 2
449 101101001 1
450 010110100 2
451 001011010 2
452 100101101 1
453 110010110 2
454 111001011 2
455 011100101 3
456 001110010 3
457 100111001 1
458 010011100 2
459 101001110 2
460 110100111 2
461 011010011 3
462 101101001 2
463 110110100 2
464 111011010 2
465 111101101 2
466 111110110 3
467 011111011 3
468 001111101 3
469 000111110 3
470 100011111 2
471 010001111 3
472 101000111 3
473 010100011 3
474 101010001 2
475 010101000 2
476 001010100 2
477 100101010 1
478 110010101 1
479 111001010 2
480 111100101 2
481 011110010 3
482 001111001 2
483 000111100 2
484 000011110 2
485 000001111 2
486 100000111 2
487 110000011 2
488 111000001 2
489 111100000 2
490 011110000 2
491 101111000 1
492 110111100 1
493 111011110 2
494 011101111 3
495 101110111 3
496 010111011 3
497 001011101 3
498 000101110 3
499 100010111 2
500 110001011 2
501 011000101 3
502 001100010 3
503 100110001 1
504 110011000 1
505 011001100 2
506 101100110 2
507 010110011 2
508 001011001 2
509 000101100 2
510 000010110 2
511 100001011 1
512 010000101 2
513 101000010 2
514 110100001 1
515 011010000 2
516 101101000 1
517 110110100 1
518 011011010 2
519 001101101 2
520 100110110 2
521 010011011 2
522 101001101 2
523 010100110 3
524 101010011 2
525 010101001 2
526 101010100 2
527 010101010 2
528 001010101 2
529 000101010 2
530 100010101 1
531 010001010 2
532 001000101 2
533 000100010 2
534 000010001 1
535 000001000 1
536 000000100 1
537 000000010 1
538 100000001 0
539 010000000 1
540 001000000 1
541 100100000 0
542 110010000 0
543 011001000 1
544 101100100 1
545 110110010 1
546 111011001 1
547 111101100 2
548 011110110 3
549 101111011 2
550 110111101 2
551 111011110 3
552 111101111 3
553 011110111 4
554 101111011 3
555 010111101 3
556 101011110 3
557 010101111 3
558 101010111 3
559 010101011 3
560 001010101 3
561 100101010 2
562 010010101 2
563 101001010 2
564 010100101 2
565 101010010 2
566 110101001 1
567 111010100 2
568 111101010 2
569 111110101 2
570 011111010 3
571 101111101 2
572 010111110 3
573 001011111 3
574 000101111 3
575 000010111 3
576 100001011 2
577 110000101 2
578 011000010 3
579 001100001 2
580 100110000 1
581 010011000 1
582 101001100 1
583 010100110 2
584 001010011 2
585 100101001 1
586 010010100 2
587 001001010 2
588 100100101 1
589 010010010 2
590 101001001 1
591 010100100 2
592 001010010 2
593 000101001 1
594 100010100 1
595 110001010 1
596 011000101 2
597 101100010 2
598 110110001 1
599 011011000 2
600 001101100 2
601 000110110 2
602 100011011 1
603 010001101 2
604 001000110 3
605 000100011 2
606 100010001 1
607 110001000 1
608 011000100 2
609 001100010 2
610 000110001 1
611 000011000 1
612 000001100 1
613 100000110 1
614 110000011 1
615 011000001 2
616 001100000 2
617 000110000 1
618 100011000 0
619 010001100 1
620 001000110 2
621 100100011 1
622 110010001 1
623 011001000 2
624 001100100 2
625 100110010 1
626 010011001 1
627 001001100 2
628 000100110 2
629 100010011 1
630 110001001 1
631 111000100 2
632 111100010 2
633 011110001 2
634 001111000 2
635 100111100 1
636 010011110 2
637 101001111 2
638 010100111 3
639 001010011 3
640 000101001 2
641 000010100 2
642 100001010 1
643 110000101 1
644 111000010 2
645 011100001 2
646 001110000 2
647 000111000 1
648 000011100 1
649 100001110 1
650 010000111 2
651 101000011 2
652 010100001 2
653 001010000 2
654 000101000 1
655 000010100 1
656 000001010 1
657 000000101 1
658 100000010 1
659 010000001 1
660 101000000 1
661 010100000 1
662 001010000 1
663 100101000 0
664 010010100 1
665 101001010 1
666 110100101 1
667 111010010 2
668 011101001 2
669 101110100 2
670 010111010 2
671 001011101 2
672 100101110 2
673 110010111 2
674 011001011 3
675 001100101 3
676 100110010 2
677 110011001 1
678 111001100 2
679 011100110 3
680 101110011 2
681 010111001 2
682 101011100 2
683 110101110 2
684 011010111 3
685 001101011 3
686 100110101 2
687 110011010 2
688 111001101 2
689 111100110 3
690 011110011 3
691 101111001 2
692 110111100 2
693 011011110 3
694 001101111 3
695 000110111 3
696 100011011 2
697 110001101 2
698 111000110 3
699 011100011 3
700 101110001 2
701 010111000 2
702 001011100 2
703 000101110 2
704 000010111 2
705 000001011 2
706 000000101 2
707 000000010 2
708 000000001 1
709 000000000 1
710 100000000 0
