task4:

N=3231700607131100730071487668866995196044410266971548403213
034542752465513886789089319720141152291346368871796092189801
949411955915049092109508815238646802840003221446626664440698
678169960262797468322872227360602619681480719453980798171923
885596354930942461814540933957810974481143135410720570346872
073161193187842436824997318235140494506581740054133687497674
410362669315281114565324966058490403707250414244511867445197
676851270501328281756128270711694995833700875416060086220793
016885497292039415096296580612956901426534252152064408099275
962907151866844964307651356680432383164931368844503767727955
2220734243055277387

E=2^16+1

C=2699612477661703280189925722589595679124690414333098057072
250819092783818525099805069288820040666339314465754713342380
440771412150269612582209762749627118003759040274585661521537
378902316990969251616974517184503798527555726645377104825452
229200579146367424761122519135134519000633137384322506784587
626856925900962434488195757285136643159540157615833811992916
995452011848825490483523630487300971332734963086307069809864
711069385027826352732912733654935243387210760327925690877123
353191662071277296835715573175189012151319684682883092003635
977172227175553030389727142231142812675987599073648173155401
3384555649576563441